1	0
2	0
3	0
4	0
6	1
7	1
9	2
10	2
11	3
12	3
14	4
15	4
17	6
19	7
21	9
23	10
26	11
28	12
30	14
32	15
34	17
35	17
37	19
38	19
39	21
41	21
42	23
44	23
45	26
47	26
48	28
50	28
51	30
52	30
54	32
55	32
58	34
59	35
60	35
62	35
64	37
65	38
66	38
67	38
70	39
71	41
72	41
74	41
76	42
77	44
78	44
79	44
82	45
83	45
84	45
85	47
87	48
89	48
90	48
91	50
94	51
95	51
96	51
97	52
99	54
101	54
102	54
103	55
105	58
107	58
109	59
110	59
112	60
113	60
114	62
115	62
117	64
118	64
121	65
122	65
124	66
125	66
126	67
127	67
129	70
131	70
133	71
134	71
136	72
137	72
138	74
139	74
141	76
142	76
145	77
146	77
148	78
149	78
150	79
151	79
154	82
155	82
157	83
159	84
160	84
163	85
164	85
166	87
167	87
168	89
171	90
172	90
174	91
176	91
178	94
179	94
180	95
181	95
184	96
187	97
188	97
190	99
191	99
192	101
193	101
195	102
198	103
200	103
201	105
203	105
204	105
205	107
209	110
211	112
213	113
216	114
218	115
219	117
221	117
222	117
223	118
225	121
229	124
231	125
234	126
236	127
238	129
239	129
240	129
241	131
243	133
245	134
249	137
252	138
254	139
256	141
257	141
258	141
259	142
261	145
263	146
265	148
270	150
272	151
273	154
275	155
278	157
280	159
282	160
284	163
285	164
286	164
287	164
289	166
291	167
294	168
296	171
298	172
300	174
301	176
302	176
303	176
305	178
307	179
310	180
312	181
314	184
316	187
317	188
318	188
320	188
321	190
323	191
326	192
328	193
330	195
332	198
333	200
334	200
336	200
338	201
339	201
340	203
341	203
343	204
344	204
346	205
348	205
350	209
351	209
352	211
354	211
355	213
357	213
358	216
359	216
361	218
362	218
365	219
366	219
367	221
368	221
370	222
371	222
373	223
375	223
377	225
378	225
379	229
381	229
382	231
384	231
385	234
387	234
388	236
390	236
392	238
393	238
394	239
395	239
397	240
398	240
401	241
402	241
404	243
405	243
407	245
409	249
411	249
412	252
413	252
415	254
416	254
419	256
420	256
421	257
422	257
424	258
425	258
428	259
429	259
431	261
434	263
435	263
436	265
438	265
439	270
441	270
442	272
444	272
445	273
447	273
448	275
451	278
453	278
454	280
455	280
457	282
458	282
460	284
461	284
464	285
465	285
467	286
468	286
469	287
470	287
473	289
474	289
476	291
478	294
480	294
481	296
482	296
484	298
485	298
487	300
488	300
491	301
492	301
494	302
495	302
496	303
497	303
499	305
502	307
504	307
505	310
507	310
510	312
511	314
512	314
514	316
516	316
518	317
519	317
521	318
522	318
523	320
524	320
527	321
530	323
531	323
534	326
535	328
537	328
538	330
539	330
541	332
543	332
545	333
546	333
548	334
549	334
550	336
551	336
553	338
555	339
558	340
560	341
562	343
564	344
566	346
567	348
568	348
569	348
572	350
573	351
574	351
575	351
578	352
579	354
582	354
584	355
585	357
586	357
590	358
591	358
592	358
593	359
595	361
598	361
599	362
601	365
603	366
606	367
608	368
610	370
612	371
614	373
615	375
616	375
618	375
620	377
621	378
622	378
624	378
626	379
627	381
628	381
632	382
633	384
635	384
638	385
639	385
640	385
641	387
643	388
645	388
647	390
649	392
651	393
654	394
656	395
658	397
660	398
662	401
663	402
664	402
665	402
668	404
670	405
672	405
674	407
676	409
677	411
678	411
679	411
682	412
684	412
685	413
687	415
689	415
690	415
691	416
693	419
695	420
698	421
700	422
702	424
704	425
706	428
707	429
708	429
710	429
712	431
714	434
716	435
717	435
720	436
721	438
722	438
724	438
726	439
727	439
729	441
731	442
733	442
734	442
735	444
738	445
739	447
740	447
742	447
744	448
745	451
747	451
748	451
749	453
752	454
753	454
754	454
755	455
759	457
760	457
761	458
763	460
765	460
766	460
767	461
769	464
773	467
775	468
778	469
780	470
782	473
783	474
784	474
786	474
788	476
790	478
791	478
792	478
793	480
797	481
798	481
799	482
801	484
803	484
804	484
805	485
808	487
809	487
810	487
811	488
813	491
815	492
817	494
822	496
824	497
826	499
828	502
829	504
830	504
831	504
834	505
835	505
836	505
837	507
839	510
841	511
843	511
844	511
845	512
847	514
849	514
850	514
851	516
855	519
857	521
859	522
862	523
864	524
866	527
868	530
869	531
870	531
871	531
873	534
875	535
877	535
878	535
879	537
882	538
883	538
884	538
885	539
888	541
889	541
890	541
891	543
893	545
895	546
899	549
902	550
904	551
906	553
907	553
909	555
910	555
911	558
913	558
916	560
917	562
918	562
920	564
921	564
923	566
924	566
927	567
928	567
930	568
931	568
932	569
933	569
935	572
936	572
939	573
940	573
942	574
943	574
944	575
945	575
947	578
949	578
951	579
952	579
953	582
954	582
956	584
957	584
960	585
961	585
963	586
964	586
966	590
967	590
968	591
969	591
972	592
975	593
976	593
978	595
979	595
980	598
983	599
985	599
987	601
988	601
990	603
991	603
992	606
994	606
995	608
997	608
998	610
999	610
1002	612
1004	614
1006	614
1008	615
1009	615
1011	616
1012	616
1013	618
1014	618
1016	620
1018	620
1020	621
1021	621
1023	622
1024	622
1025	624
1026	624
1028	626
1030	626
1032	627
1033	627
1035	628
1036	628
1037	632
1038	632
1041	633
1042	633
1043	635
1044	635
1047	638
1048	638
1050	639
1052	640
1053	640
1056	641
1057	641
1059	643
1060	643
1061	645
1064	647
1066	647
1067	649
1069	649
1070	651
1072	651
1075	654
1076	656
1078	656
1079	658
1080	658
1082	660
1083	660
1085	662
1086	662
1089	663
1090	663
1092	664
1093	664
1094	665
1095	665
1097	668
1099	668
1101	670
1102	670
1103	672
1104	672
1106	674
1107	674
1109	676
1110	676
1113	677
1114	677
1116	678
1117	678
1118	679
1119	679
1122	682
1123	682
1125	684
1128	685
1129	685
1131	687
1132	687
1133	689
1134	689
1136	690
1139	691
1141	691
1142	693
1144	693
1145	695
1147	695
1148	698
1150	698
1151	700
1153	700
1155	702
1157	704
1158	704
1160	706
1162	706
1164	707
1165	707
1167	708
1168	708
1169	710
1170	710
1172	712
1174	712
1175	714
1176	714
1179	716
1180	716
1181	717
1182	717
1184	720
1186	720
1188	721
1189	721
1191	722
1192	722
1193	724
1194	724
1197	726
1198	726
1200	727
1203	729
1204	729
1206	731
1207	731
1208	733
1211	734
1212	734
1214	735
1216	735
1217	738
1219	738
1221	739
1222	739
1224	740
1225	740
1226	742
1227	742
1229	744
1230	744
1233	745
1234	745
1235	747
1238	748
1239	748
1241	749
1243	749
1245	752
1246	752
1247	753
1248	753
1251	754
1254	755
1255	755
1257	759
1259	760
1262	761
1264	761
1266	763
1267	763
1268	765
1269	765
1271	766
1272	766
1274	767
1276	767
1278	769
1279	769
1280	773
1282	773
1283	775
1285	775
1286	778
1288	778
1289	780
1291	780
1292	782
1294	782
1296	783
1297	783
1299	784
1300	784
1301	786
1302	786
1304	788
1305	788
1308	790
1309	790
1311	791
1313	792
1314	792
1317	793
1318	793
1319	797
1323	798
1326	799
1327	799
1329	801
1330	801
1331	803
1332	803
1334	804
1337	805
1339	805
1341	808
1342	808
1343	809
1344	809
1346	810
1347	810
1350	811
1351	811
1353	813
1354	813
1356	815
1357	815
1358	817
1360	817
1361	822
1363	822
1364	824
1366	824
1367	826
1369	826
1370	828
1371	828
1374	829
1375	829
1377	830
1378	830
1379	831
1380	831
1383	834
1384	834
1386	835
1388	836
1389	836
1392	837
1393	837
1394	839
1396	839
1398	841
1399	841
1400	843
1401	843
1403	844
1406	845
1408	845
1410	847
1411	847
1412	849
1413	849
1415	850
1416	850
1418	851
1420	851
1422	855
1423	855
1424	857
1426	857
1427	859
1429	859
1430	862
1431	862
1433	864
1434	864
1436	866
1438	866
1439	868
1440	868
1443	869
1444	869
1446	870
1447	870
1448	871
1449	871
1452	873
1453	873
1455	875
1456	875
1457	877
1460	878
1461	878
1463	879
1465	879
1467	882
1468	882
1469	883
1470	883
1473	884
1476	885
1477	885
1479	888
1480	888
1481	889
1482	889
1484	890
1485	890
1488	891
1489	891
1491	893
1492	893
1494	895
1495	895
1496	899
1498	899
1499	902
1500	902
1502	904
1503	904
1506	906
1507	907
1508	907
1510	907
1512	909
1513	910
1514	910
1515	910
1518	911
1519	911
1520	911
1521	913
1523	916
1526	917
1527	917
1528	917
1529	918
1531	920
1533	920
1534	920
1535	921
1538	923
1539	923
1540	923
1541	924
1543	927
1545	928
1547	930
1552	932
1554	933
1555	935
1557	935
1558	935
1559	936
1561	939
1565	942
1567	943
1570	944
1574	947
1575	947
1576	947
1577	949
1579	951
1581	952
1584	953
1586	954
1588	956
1589	956
1590	956
1591	957
1595	961
1597	963
1601	966
1603	967
1606	968
1610	972
1612	975
1613	976
1614	976
1616	976
1619	979
1622	980
1624	983
1625	985
1626	985
1628	985
1630	987
1631	988
1632	988
1634	988
1636	990
1637	991
1638	991
1639	991
1642	992
1643	992
1644	992
1645	994
1647	995
1649	995
1650	995
1651	997
1654	998
1655	998
1656	998
1657	999
1659	1002
1662	1004
1663	1004
1664	1004
1665	1006
1667	1008
1669	1009
1673	1012
1676	1013
1678	1014
1679	1016
1681	1016
1682	1016
1683	1018
1687	1021
1689	1023
1691	1024
1694	1025
1698	1028
1699	1028
1700	1028
1701	1030
1703	1032
1709	1036
1712	1037
1713	1037
1714	1037
1715	1038
1717	1041
1719	1042
1722	1043
1724	1044
1725	1047
1727	1048
1730	1050
1732	1052
1736	1056
1737	1057
1738	1057
1739	1057
1741	1059
1746	1061
1748	1064
1749	1066
1750	1066
1751	1066
1754	1067
1755	1069
1756	1069
1758	1069
1760	1070
1761	1072
1762	1072
1763	1072
1765	1075
1767	1076
1769	1076
1770	1076
1771	1078
1774	1079
1775	1079
1776	1079
1777	1080
1779	1082
1781	1082
1782	1082
1783	1083
1785	1085
1787	1085
1788	1085
1789	1086
1791	1089
1795	1092
1797	1093
1800	1094
1802	1095
1803	1097
1805	1097
1806	1097
1807	1099
1809	1101
1811	1102
1814	1103
1816	1104
1817	1106
1819	1106
1820	1106
1821	1107
1824	1109
1825	1109
1826	1109
1827	1110
1829	1113
1831	1114
1833	1116
1840	1119
1843	1123
1846	1125
1848	1128
1849	1129
1850	1129
1852	1129
1853	1131
1855	1132
1860	1134
1862	1136
1864	1139
1865	1141
1866	1141
1868	1141
1870	1142
1871	1144
1872	1144
1874	1144
1876	1145
1877	1147
1878	1147
1879	1147
1882	1148
1883	1148
1884	1148
1885	1150
1887	1151
1889	1151
1890	1151
1891	1153
1893	1155
1895	1157
1897	1157
1898	1157
1899	1158
1901	1160
1903	1160
1904	1160
1905	1162
1909	1165
1911	1167
1913	1168
1916	1169
1918	1170
1919	1172
1921	1172
1922	1172
1923	1174
1925	1175
1927	1175
1928	1175
1929	1176
1931	1179
1933	1180
1936	1181
1938	1182
1940	1184
1941	1184
1942	1184
1943	1186
1945	1188
1947	1189
1951	1192
1956	1194
1957	1197
1962	1200
1964	1203
1965	1204
1966	1204
1967	1204
1969	1206
1971	1207
1974	1208
1978	1212
1980	1214
1981	1216
1982	1216
1983	1216
1986	1217
1987	1217
1988	1217
1989	1219
1991	1221
1993	1222
1997	1225
2000	1226
2002	1227
2004	1229
2005	1229
2006	1229
2007	1230
2009	1233
2011	1234
2014	1235
2016	1238
2018	1239
2020	1241
2021	1243
2022	1243
2023	1243
2025	1245
2027	1246
2030	1247
2032	1248
2034	1251
2036	1254
2037	1255
2038	1255
2040	1255
2042	1257
2044	1259
2046	1262
2047	1264
2048	1264
2050	1264
2051	1266
2053	1267
2056	1268
2058	1269
2060	1271
2062	1272
2064	1274
2065	1276
2066	1276
2068	1276
2070	1278
2071	1279
2072	1279
2074	1279
2076	1280
2077	1282
2078	1282
2082	1283
2083	1285
2085	1285
2088	1286
2089	1286
2090	1286
2091	1288
2093	1289
2095	1289
2097	1291
2099	1292
2101	1292
2102	1292
2103	1294
2107	1297
2109	1299
2111	1300
2114	1301
2116	1302
2117	1304
2119	1304
2120	1304
2121	1305
2123	1308
2125	1309
2128	1311
2130	1313
2132	1314
2134	1317
2135	1318
2136	1318
2137	1318
2140	1319
2142	1323
2144	1326
2145	1327
2146	1327
2148	1327
2149	1329
2151	1330
2154	1331
2156	1332
2158	1334
2160	1337
2161	1339
2162	1339
2164	1339
2165	1341
2167	1342
2170	1343
2172	1344
2174	1346
2176	1347
2178	1350
2179	1351
2180	1351
2182	1351
2184	1353
2185	1354
2186	1354
2190	1356
2192	1357
2193	1357
2196	1358
2197	1360
2198	1360
2200	1360
2202	1361
2203	1361
2205	1363
2207	1364
2209	1364
2210	1364
2211	1366
2214	1367
2215	1367
2216	1367
2217	1369
2220	1370
2221	1370
2222	1370
2223	1371
2225	1374
2227	1375
2229	1377
2234	1379
2236	1380
2237	1383
2239	1384
2242	1386
2244	1388
2246	1389
2248	1392
2249	1393
2250	1393
2251	1393
2254	1394
2255	1396
2256	1396
2257	1396
2259	1398
2261	1399
2264	1400
2266	1401
2268	1403
2270	1406
2271	1408
2272	1408
2274	1408
2275	1410
2277	1411
2280	1412
2282	1413
2284	1415
2286	1416
2288	1418
2289	1420
2290	1420
2291	1420
2294	1422
2295	1423
2296	1423
2297	1423
2300	1424
2301	1426
2304	1426
2306	1427
2307	1429
2308	1429
2312	1430
2313	1430
2314	1430
2315	1431
2317	1433
2320	1433
2321	1434
2323	1436
2325	1436
2326	1436
2327	1438
2329	1439
2331	1439
2332	1439
2333	1440
2335	1443
2339	1446
2341	1447
2344	1448
2346	1449
2348	1452
2349	1453
2350	1453
2351	1453
2353	1455
2355	1456
2358	1457
2360	1460
2362	1461
2364	1463
2365	1465
2366	1465
2367	1465
2369	1467
2371	1468
2374	1469
2376	1470
2378	1473
2380	1476
2381	1477
2382	1477
2384	1477
2385	1479
2387	1480
2390	1481
2392	1482
2394	1484
2396	1485
2398	1488
2399	1489
2400	1489
2401	1489
2404	1491
2406	1492
2408	1492
2410	1494
2411	1495
2412	1495
2416	1496
2417	1498
2418	1498
2419	1498
2422	1499
2424	1499
2425	1500
2427	1502
2429	1502
2430	1502
2431	1503
2433	1506
2435	1506
2437	1507
2438	1507
2440	1508
2441	1508
2442	1510
2443	1510
2445	1512
2446	1512
2449	1513
2450	1513
2453	1514
2454	1515
2455	1515
2458	1518
2459	1518
2461	1519
2463	1520
2464	1520
2467	1521
2468	1521
2469	1523
2471	1523
2474	1526
2475	1527
2476	1527
2479	1528
2482	1529
2483	1529
2485	1531
2486	1531
2487	1533
2488	1533
2490	1534
2493	1535
2495	1535
2497	1538
2498	1538
2499	1539
2500	1539
2502	1540
2503	1540
2506	1541
2507	1541
2509	1543
2510	1543
2512	1545
2513	1545
2514	1547
2516	1547
2517	1552
2519	1552
2520	1554
2522	1554
2524	1555
2525	1555
2526	1557
2527	1557
2529	1558
2530	1558
2532	1559
2534	1559
2536	1561
2537	1561
2538	1565
2540	1565
2541	1567
2543	1567
2544	1570
2546	1570
2548	1574
2549	1574
2550	1575
2551	1575
2553	1576
2554	1576
2557	1577
2558	1577
2560	1579
2561	1579
2563	1581
2565	1584
2566	1584
2568	1586
2569	1586
2572	1588
2573	1588
2574	1589
2575	1589
2577	1590
2578	1590
2581	1591
2582	1591
2584	1595
2585	1595
2586	1597
2588	1597
2589	1601
2592	1603
2594	1603
2595	1606
2597	1606
2598	1610
2599	1610
2601	1612
2603	1612
2605	1613
2606	1613
2608	1614
2609	1614
2610	1616
2611	1616
2614	1619
2615	1619
2616	1622
2617	1622
2619	1624
2621	1624
2623	1625
2624	1625
2626	1626
2627	1626
2628	1628
2629	1628
2631	1630
2633	1630
2635	1631
2636	1631
2638	1632
2640	1634
2641	1634
2643	1636
2644	1636
2647	1637
2648	1637
2650	1638
2651	1638
2652	1639
2653	1639
2656	1642
2659	1643
2661	1644
2662	1644
2665	1645
2666	1645
2668	1647
2669	1647
2670	1649
2673	1650
2674	1650
2676	1651
2678	1651
2680	1654
2681	1654
2682	1655
2683	1655
2686	1656
2689	1657
2690	1657
2691	1659
2693	1659
2695	1662
2696	1662
2697	1663
2698	1663
2700	1664
2701	1664
2704	1665
2705	1665
2707	1667
2708	1667
2710	1669
2711	1669
2712	1673
2714	1673
2715	1676
2716	1676
2718	1678
2719	1678
2722	1679
2723	1679
2724	1681
2725	1681
2727	1682
2728	1682
2730	1683
2732	1683
2734	1687
2735	1687
2736	1689
2738	1689
2739	1691
2741	1691
2742	1694
2743	1694
2746	1698
2747	1698
2748	1699
2749	1699
2751	1700
2752	1700
2755	1701
2756	1701
2758	1703
2759	1703
2760	1709
2762	1709
2764	1712
2765	1712
2766	1713
2767	1713
2769	1714
2770	1714
2773	1715
2774	1715
2776	1717
2779	1719
2780	1719
2781	1722
2783	1722
2784	1724
2786	1724
2787	1725
2789	1725
2790	1727
2793	1730
2795	1730
2796	1732
2797	1732
2799	1736
2800	1736
2803	1737
2804	1737
2806	1738
2807	1738
2808	1739
2809	1739
2812	1741
2813	1741
2814	1746
2816	1746
2817	1748
2818	1748
2821	1749
2822	1749
2824	1750
2825	1750
2826	1751
2827	1751
2829	1754
2831	1754
2833	1755
2834	1755
2836	1756
2837	1756
2838	1758
2839	1758
2841	1760
2842	1760
2846	1761
2848	1762
2849	1762
2850	1763
2851	1763
2854	1765
2855	1765
2857	1767
2858	1767
2859	1769
2862	1770
2863	1770
2865	1771
2867	1771
2869	1774
2870	1774
2871	1775
2872	1775
2875	1776
2878	1777
2879	1777
2882	1779
2883	1781
2884	1781
2886	1782
2889	1783
2891	1783
2893	1785
2894	1785
2895	1787
2896	1787
2898	1788
2899	1788
2901	1789
2903	1789
2905	1791
2906	1791
2907	1795
2909	1795
2910	1797
2912	1797
2913	1800
2915	1800
2916	1802
2918	1802
2920	1803
2921	1803
2922	1805
2923	1805
2925	1806
2926	1806
2928	1807
2930	1807
2931	1809
2933	1809
2934	1811
2936	1811
2937	1814
2938	1814
2940	1816
2941	1816
2944	1817
2945	1817
2946	1819
2947	1819
2949	1820
2950	1820
2952	1821
2954	1821
2956	1824
2957	1824
2958	1825
2959	1825
2961	1826
2962	1826
2965	1827
2966	1827
2968	1829
2971	1831
2972	1831
2973	1833
2975	1833
2976	1840
2978	1840
2979	1843
2981	1843
2982	1846
2983	1846
2985	1848
2987	1848
2989	1849
2990	1849
2992	1850
2993	1850
2994	1852
2995	1852
2998	1853
3001	1855
3002	1855
3003	1860
3005	1860
3006	1862
3007	1862
3009	1864
3011	1864
3013	1865
3014	1865
3016	1866
3017	1866
3018	1868
3019	1868
3021	1870
3023	1870
3025	1871
3028	1872
3029	1872
3030	1874
3031	1874
3033	1876
3034	1876
3037	1877
3038	1877
3040	1878
3041	1878
3042	1879
3043	1879
3046	1882
3047	1882
3049	1883
3051	1884
3052	1884
3055	1885
3056	1885
3058	1887
3060	1889
3063	1890
3064	1890
3066	1891
3068	1891
3070	1893
3071	1893
3073	1895
3074	1895
3075	1897
3076	1897
3078	1898
3081	1899
3083	1899
3085	1901
3086	1901
3087	1903
3088	1903
3090	1904
3091	1904
3093	1905
3095	1905
3097	1909
3098	1909
3099	1911
3101	1911
3102	1913
3104	1913
3105	1916
3106	1916
3108	1918
3109	1918
3112	1919
3113	1919
3114	1921
3115	1921
3117	1922
3118	1922
3120	1923
3122	1923
3124	1925
3125	1925
3126	1927
3127	1927
3129	1928
3130	1928
3132	1929
3134	1929
3135	1931
3137	1931
3138	1933
3140	1933
3141	1936
3143	1936
3144	1938
3146	1938
3148	1940
3149	1940
3150	1941
3151	1941
3153	1942
3154	1942
3157	1943
3158	1943
3160	1945
3161	1945
3163	1947
3165	1951
3167	1951
3168	1956
3169	1956
3171	1957
3173	1957
3174	1962
3176	1962
3177	1964
3178	1964
3181	1965
3182	1965
3184	1966
3185	1966
3186	1967
3187	1967
3190	1969
3191	1969
3193	1971
3195	1974
3197	1974
3198	1978
3199	1978
3201	1980
3202	1980
3205	1981
3206	1981
3208	1982
3209	1982
3210	1983
3211	1983
3214	1986
3215	1986
3216	1987
3217	1987
3219	1988
3220	1988
3223	1989
3224	1989
3226	1991
3227	1991
3229	1993
3231	1997
3233	1997
3234	2000
3235	2000
3237	2002
3238	2002
3241	2004
3242	2004
3243	2005
3244	2005
3247	2006
3250	2007
3251	2007
3253	2009
3254	2009
3256	2011
3258	2014
3260	2014
3261	2016
3262	2016
3264	2018
3265	2018
3267	2020
3268	2020
3271	2021
3272	2021
3274	2022
3275	2022
3276	2023
3277	2023
3279	2025
3282	2027
3284	2027
3285	2030
3287	2030
3290	2032
3291	2034
3292	2034
3294	2036
3296	2036
3298	2037
3299	2037
3301	2038
3302	2038
3303	2040
3304	2040
3306	2042
3308	2042
3309	2044
3310	2044
3312	2046
3314	2046
3316	2047
3317	2047
3319	2048
3320	2048
3321	2050
3322	2050
3325	2051
3326	2051
3328	2053
3329	2053
3330	2056
3332	2056
3333	2058
3335	2058
3336	2060
3337	2060
3340	2062
3342	2064
3344	2064
3346	2065
3347	2065
3349	2066
3350	2066
3351	2068
3352	2068
3354	2070
3356	2070
3358	2071
3359	2071
3361	2072
3362	2072
3363	2074
3364	2074
3366	2076
3368	2076
3370	2077
3371	2077
3373	2078
3374	2078
3375	2082
3376	2082
3379	2083
3380	2083
3381	2085
3382	2085
3385	2088
3386	2088
3388	2089
3390	2090
3391	2090
3394	2091
3395	2091
3397	2093
3398	2093
3399	2095
3402	2097
3404	2097
3406	2099
3407	2099
3408	2101
3409	2101
3411	2102
3412	2102
3414	2103
3416	2103
3418	2107
3419	2107
3420	2109
3422	2109
3423	2111
3426	2114
3427	2114
3429	2116
3430	2116
3433	2117
3434	2117
3435	2119
3436	2119
3438	2120
3441	2121
3443	2121
3444	2123
3446	2123
3447	2125
3450	2128
3452	2128
3453	2130
3454	2130
3456	2132
3457	2132
3459	2134
3460	2134
3463	2135
3464	2135
3466	2136
3467	2136
3468	2137
3469	2137
3471	2140
3473	2140
3474	2142
3475	2142
3477	2144
3479	2144
3481	2145
3482	2145
3484	2146
3485	2146
3486	2148
3487	2148
3490	2149
3493	2151
3494	2151
3497	2154
3498	2156
3500	2156
3501	2158
3502	2158
3504	2160
3506	2160
3508	2161
3509	2161
3511	2162
3512	2162
3513	2164
3514	2164
3516	2165
3518	2165
3519	2167
3521	2167
3522	2170
3524	2170
3525	2172
3527	2172
3529	2174
3531	2176
3532	2176
3534	2178
3536	2178
3538	2179
3539	2179
3541	2180
3542	2180
3543	2182
3544	2182
3546	2184
3548	2184
3550	2185
3551	2185
3553	2186
3554	2186
3555	2190
3556	2190
3559	2192
3560	2192
3561	2193
3562	2193
3564	2196
3566	2196
3568	2197
3569	2197
3571	2198
3572	2198
3573	2200
3574	2200
3577	2202
3578	2202
3580	2203
3583	2205
3584	2205
3586	2207
3587	2207
3588	2209
3591	2210
3592	2210
3594	2211
3596	2211
3598	2214
3599	2214
3601	2215
3603	2216
3604	2216
3607	2217
3608	2217
3610	2220
3611	2220
3612	2221
3613	2221
3615	2222
3616	2222
3619	2223
3620	2223
3622	2225
3625	2227
3626	2227
3627	2229
3629	2229
3630	2234
3632	2234
3633	2236
3635	2236
3636	2237
3638	2237
3639	2239
3642	2242
3644	2242
3645	2244
3646	2244
3648	2246
3649	2246
3651	2248
3652	2248
3655	2249
3656	2249
3658	2250
3659	2250
3660	2251
3661	2251
3663	2254
3664	2254
3667	2255
3668	2255
3670	2256
3671	2256
3672	2257
3673	2257
3676	2259
3679	2261
3680	2261
3683	2264
3684	2266
3686	2266
3687	2268
3688	2268
3690	2270
3692	2270
3694	2271
3695	2271
3697	2272
3698	2272
3699	2274
3700	2274
3703	2275
3704	2275
3706	2277
3707	2277
3708	2280
3710	2280
3713	2282
3714	2284
3715	2284
3717	2286
3718	2286
3720	2288
3721	2288
3724	2289
3725	2289
3727	2290
3728	2290
3729	2291
3730	2291
3732	2294
3733	2294
3736	2295
3737	2295
3739	2296
3740	2296
3741	2297
3742	2297
3744	2300
3746	2300
3748	2301
3749	2301
3750	2304
3751	2304
3753	2306
3754	2306
3757	2307
3758	2307
3760	2308
3761	2308
3763	2312
3764	2312
3765	2313
3766	2313
3769	2314
3772	2315
3773	2315
3775	2317
3776	2317
3777	2320
3780	2321
3782	2321
3784	2323
3785	2323
3786	2325
3789	2326
3790	2326
3792	2327
3794	2327
3796	2329
3797	2329
3798	2331
3799	2331
3801	2332
3802	2332
3804	2333
3806	2333
3808	2335
3809	2335
3810	2339
3813	2341
3815	2341
3816	2344
3818	2344
3819	2346
3821	2346
3822	2348
3823	2348
3826	2349
3827	2349
3829	2350
3830	2350
3831	2351
3832	2351
3835	2353
3836	2353
3838	2355
3840	2358
3842	2358
3843	2360
3844	2360
3846	2362
3847	2362
3849	2364
3850	2364
3853	2365
3854	2365
3856	2366
3857	2366
3858	2367
3859	2367
3861	2369
3864	2371
3866	2371
3867	2374
3869	2374
3872	2376
3873	2378
3874	2378
3876	2380
3878	2380
3880	2381
3881	2381
3883	2382
3884	2382
3885	2384
3886	2384
3888	2385
3890	2385
3891	2387
3893	2387
3896	2390
3897	2392
3899	2392
3900	2394
3901	2394
3903	2396
3904	2396
3906	2398
3907	2398
3910	2399
3911	2399
3913	2400
3914	2400
3915	2401
3916	2401
3918	2404
3920	2404
3922	2406
3923	2406
3924	2408
3925	2408
3927	2410
3928	2410
3931	2411
3932	2411
3934	2412
3935	2412
3936	2416
3937	2416
3940	2417
3941	2417
3943	2418
3944	2418
3945	2419
3946	2419
3949	2422
3950	2422
3952	2424
3955	2425
3956	2425
3958	2427
3959	2427
3960	2429
3961	2429
3963	2430
3966	2431
3968	2431
3969	2433
3971	2433
3972	2433
3973	2435
3977	2438
3979	2440
3981	2441
3984	2442
3986	2443
3987	2445
3989	2445
3990	2445
3991	2446
3993	2449
3997	2453
4000	2454
4002	2455
4003	2458
4005	2459
4008	2461
4010	2463
4012	2464
4014	2467
4015	2468
4016	2468
4017	2468
4020	2469
4021	2471
4022	2471
4023	2471
4025	2474
4028	2475
4030	2476
4032	2479
4034	2482
4035	2483
4036	2483
4038	2483
4039	2485
4041	2486
4044	2487
4046	2488
4048	2490
4050	2493
4051	2495
4052	2495
4054	2495
4055	2497
4057	2498
4060	2499
4062	2500
4064	2502
4066	2503
4068	2506
4069	2507
4070	2507
4072	2507
4074	2509
4075	2510
4076	2510
4080	2512
4082	2513
4083	2513
4086	2514
4087	2516
4088	2516
4090	2516
4092	2517
4093	2517
4095	2519
4097	2520
4099	2520
4100	2520
4101	2522
4103	2524
4105	2525
4108	2526
4110	2527
4112	2529
4114	2530
4116	2532
4117	2534
4118	2534
4120	2534
4122	2536
4123	2537
4124	2537
4126	2537
4128	2538
4129	2540
4134	2541
4135	2543
4137	2543
4140	2544
4141	2544
4142	2544
4143	2546
4145	2548
4147	2549
4150	2550
4152	2551
4154	2553
4156	2554
4158	2557
4159	2558
4160	2558
4161	2558
4164	2560
4166	2561
4168	2561
4170	2563
4174	2565
4175	2566
4177	2568
4179	2568
4180	2568
4181	2569
4183	2572
4185	2573
4188	2574
4190	2575
4192	2577
4194	2578
4196	2581
4197	2582
4198	2582
4200	2582
4202	2584
4204	2585
4205	2585
4208	2586
4209	2588
4210	2588
4212	2588
4214	2589
4216	2592
4217	2594
4218	2594
4219	2594
4222	2595
4223	2595
4224	2595
4225	2597
4227	2598
4229	2598
4230	2598
4231	2599
4233	2601
4235	2601
4236	2601
4237	2603
4241	2606
4243	2608
4245	2609
4248	2610
4250	2611
4252	2614
4253	2615
4254	2615
4255	2615
4258	2616
4259	2616
4260	2616
4261	2617
4264	2619
4265	2619
4266	2619
4267	2621
4269	2623
4271	2624
4275	2627
4278	2628
4280	2629
4281	2631
4283	2631
4284	2631
4285	2633
4289	2636
4291	2638
4294	2640
4296	2641
4297	2643
4299	2643
4300	2643
4301	2644
4303	2647
4307	2650
4309	2651
4312	2652
4314	2653
4315	2656
4318	2659
4320	2661
4322	2662
4324	2665
4325	2666
4326	2666
4327	2666
4329	2668
4331	2669
4334	2670
4336	2673
4338	2674
4340	2676
4341	2678
4342	2678
4343	2678
4345	2680
4347	2681
4350	2682
4352	2683
4354	2686
4356	2689
4357	2690
4358	2690
4360	2690
4362	2691
4363	2693
4364	2693
4366	2693
4367	2695
4369	2696
4372	2697
4374	2698
4376	2700
4378	2701
4380	2704
4381	2705
4382	2705
4383	2705
4386	2707
4388	2708
4390	2708
4392	2710
4393	2711
4394	2711
4398	2712
4399	2714
4400	2714
4401	2714
4404	2715
4406	2715
4407	2716
4409	2718
4411	2718
4412	2718
4413	2719
4415	2722
4417	2723
4420	2724
4422	2725
4424	2727
4426	2728
4428	2730
4429	2732
4430	2732
4431	2732
4434	2734
4435	2735
4436	2735
4437	2735
4440	2736
4441	2738
4444	2738
4446	2739
4447	2741
4452	2742
4453	2742
4454	2742
4455	2743
4457	2746
4459	2747
4462	2748
4464	2749
4466	2751
4468	2752
4470	2755
4471	2756
4472	2756
4473	2756
4476	2758
4478	2759
4480	2759
4482	2760
4483	2762
4484	2762
4485	2762
4487	2764
4489	2765
4492	2766
4494	2767
4496	2769
4498	2770
4500	2773
4501	2774
4502	2774
4504	2774
4506	2776
4508	2779
4510	2780
4511	2780
4515	2781
4517	2783
4519	2784
4521	2784
4522	2784
4523	2786
4526	2787
4527	2789
4528	2789
4530	2789
4532	2790
4533	2793
4535	2793
4536	2793
4537	2795
4540	2796
4541	2796
4542	2796
4543	2797
4545	2799
4547	2799
4548	2799
4549	2800
4551	2803
4555	2806
4557	2807
4560	2808
4562	2809
4564	2812
4565	2813
4566	2813
4568	2813
4570	2814
4571	2814
4572	2814
4573	2816
4576	2817
4577	2817
4578	2817
4579	2818
4581	2821
4583	2822
4585	2824
4590	2826
4592	2827
4594	2829
4595	2829
4596	2829
4597	2831
4599	2833
4601	2834
4605	2837
4608	2838
4610	2839
4612	2841
4613	2841
4614	2841
4615	2842
4617	2846
4619	2848
4624	2850
4626	2851
4628	2854
4629	2855
4630	2855
4631	2855
4633	2857
4635	2858
4638	2859
4640	2862
4642	2863
4644	2865
4645	2867
4646	2867
4647	2867
4649	2869
4651	2870
4654	2871
4656	2872
4658	2875
4660	2878
4661	2879
4662	2879
4664	2879
4665	2882
4668	2883
4670	2884
4672	2886
4674	2889
4675	2891
4676	2891
4678	2891
4679	2893
4681	2894
4684	2895
4686	2896
4688	2898
4690	2899
4692	2901
4693	2903
4694	2903
4696	2903
4698	2905
4699	2906
4700	2906
4702	2906
4704	2907
4705	2909
4706	2909
4710	2910
4711	2912
4713	2912
4716	2913
4717	2913
4718	2913
4719	2915
4721	2916
4723	2916
4725	2918
4727	2920
4729	2921
4732	2922
4734	2923
4736	2925
4738	2926
4741	2930
4742	2930
4743	2930
4746	2931
4747	2933
4750	2933
4752	2934
4754	2936
4758	2937
4759	2937
4760	2937
4761	2938
4766	2940
4767	2941
4769	2944
4771	2945
4774	2946
4778	2949
4782	2952
4783	2954
4784	2954
4786	2954
4787	2956
4789	2957
4792	2958
4794	2959
4796	2961
4798	2962
4800	2965
4801	2966
4802	2966
4804	2966
4806	2968
4808	2971
4810	2972
4811	2972
4814	2973
4815	2975
4816	2975
4818	2975
4819	2976
4821	2976
4822	2976
4823	2978
4826	2979
4827	2981
4828	2981
4829	2981
4831	2982
4833	2982
4834	2982
4835	2983
4837	2985
4839	2985
4840	2985
4841	2987
4845	2990
4847	2992
4849	2993
4852	2994
4854	2995
4856	2998
4858	3001
4859	3002
4860	3002
4861	3002
4863	3003
4865	3003
4866	3003
4867	3005
4870	3006
4871	3006
4872	3006
4873	3007
4876	3009
4877	3009
4878	3009
4879	3011
4881	3013
4883	3014
4887	3017
4890	3018
4892	3019
4894	3021
4895	3021
4896	3021
4897	3023
4899	3025
4903	3029
4906	3030
4908	3031
4910	3033
4911	3033
4912	3033
4913	3034
4915	3037
4917	3038
4919	3040
4924	3042
4926	3043
4927	3046
4929	3047
4932	3049
4934	3051
4936	3052
4938	3055
4939	3056
4940	3056
4941	3056
4943	3058
4946	3060
4948	3063
4950	3064
4952	3066
4953	3068
4954	3068
4955	3068
4958	3070
4959	3071
4960	3071
4962	3071
4963	3073
4965	3074
4968	3075
4970	3076
4972	3078
4974	3081
4975	3083
4976	3083
4978	3083
4979	3085
4981	3086
4984	3087
4986	3088
4988	3090
4990	3091
4992	3093
4993	3095
4994	3095
4995	3095
4998	3097
4999	3098
5000	3098
5001	3098
5004	3099
5005	3101
5008	3101
5010	3102
5011	3104
5012	3104
5016	3105
5017	3105
5018	3105
5019	3106
5021	3108
5024	3108
5025	3109
5027	3112
5029	3113
5032	3114
5036	3117
5040	3120
5041	3122
5042	3122
5043	3122
5045	3124
5047	3125
5050	3126
5052	3127
5054	3129
5056	3130
5059	3134
5060	3134
5062	3134
5064	3135
5066	3137
5070	3138
5071	3140
5073	3140
5076	3141
5077	3141
5078	3141
5079	3143
5083	3144
5085	3146
5087	3148
5089	3149
5092	3150
5094	3151
5096	3153
5098	3154
5100	3157
5101	3158
5102	3158
5103	3158
5106	3160
5108	3161
5110	3161
5112	3163
5114	3165
5115	3167
5116	3167
5117	3167
5119	3168
5121	3168
5122	3168
5123	3169
5126	3171
5127	3173
5128	3173
5130	3173
5131	3174
5133	3174
5134	3174
5135	3176
5137	3177
5139	3177
5140	3177
5141	3178
5143	3181
5147	3184
5149	3185
5152	3186
5154	3187
5156	3190
5157	3191
5158	3191
5160	3191
5162	3193
5164	3195
5165	3195
5166	3195
5167	3197
5169	3198
5171	3198
5172	3198
5173	3199
5176	3201
5177	3201
5178	3201
5179	3202
5181	3205
5183	3206
5185	3208
5190	3210
5192	3211
5193	3214
5195	3215
5198	3216
5200	3217
5202	3219
5204	3220
5206	3223
5207	3224
5208	3224
5209	3224
5214	3227
5216	3227
5220	3231
5221	3233
5222	3233
5223	3233
5226	3234
5228	3234
5229	3235
5231	3237
5233	3237
5234	3237
5235	3238
5237	3241
5239	3242
5242	3243
5244	3244
5246	3247
5248	3250
5249	3251
5250	3251
5252	3251
5254	3253
5255	3254
5256	3254
5258	3254
5260	3256
5262	3258
5263	3258
5264	3258
5265	3260
5269	3261
5270	3261
5271	3262
5273	3264
5275	3264
5276	3264
5277	3265
5280	3267
5281	3267
5282	3267
5283	3268
5285	3271
5287	3272
5289	3274
5294	3276
5296	3277
5298	3279
5300	3282
5301	3284
5302	3284
5303	3284
5306	3285
5307	3285
5308	3285
5309	3287
5311	3290
5313	3291
5315	3291
5316	3291
5317	3292
5319	3294
5321	3294
5322	3294
5323	3296
5327	3299
5329	3301
5331	3302
5334	3303
5336	3304
5337	3306
5339	3306
5340	3306
5341	3308
5344	3309
5345	3309
5346	3309
5347	3310
5350	3312
5351	3312
5352	3312
5353	3314
5355	3316
5357	3317
5361	3320
5364	3321
5366	3322
5368	3325
5369	3326
5370	3326
5372	3326
5374	3328
5375	3329
5376	3329
5377	3329
5380	3330
5381	3330
5382	3330
5383	3332
5385	3333
5387	3333
5388	3333
5389	3335
5392	3336
5393	3336
5394	3336
5395	3337
5397	3340
5400	3342
5402	3342
5403	3344
5405	3346
5407	3347
5411	3350
5414	3351
5416	3352
5417	3354
5419	3354
5420	3354
5421	3356
5425	3359
5427	3361
5429	3362
5432	3363
5436	3366
5437	3366
5438	3366
5439	3368
5441	3370
5447	3374
5450	3375
5451	3375
5452	3375
5455	3379
5457	3380
5460	3381
5462	3382
5463	3385
5465	3386
5468	3388
5470	3390
5474	3394
5475	3395
5476	3395
5477	3395
5479	3397
5484	3399
5486	3402
5487	3404
5488	3404
5489	3404
5491	3406
5493	3407
5496	3408
5498	3409
5500	3411
5502	3412
5504	3414
5505	3416
5506	3416
5507	3416
5510	3418
5511	3419
5512	3419
5513	3419
5517	3422
5520	3422
5524	3426
5525	3426
5526	3426
5527	3427
5529	3429
5532	3429
5533	3430
5535	3433
5537	3434
5540	3435
5542	3436
5544	3438
5546	3441
5547	3443
5548	3443
5550	3443
5552	3444
5553	3446
5554	3446
5556	3446
5558	3447
5559	3450
5561	3450
5562	3450
5563	3452
5566	3453
5567	3453
5568	3453
5569	3454
5573	3456
5574	3456
5575	3457
5577	3459
5579	3459
5580	3459
5581	3460
5583	3463
5587	3466
5589	3467
5592	3468
5594	3469
5596	3471
5597	3471
5598	3471
5599	3473
5601	3474
5603	3474
5604	3474
5605	3475
5607	3477
5609	3477
5610	3477
5611	3479
5615	3482
5617	3484
5619	3485
5622	3486
5624	3487
5626	3490
5628	3493
5629	3494
5630	3494
5631	3494
5633	3497
5635	3498
5637	3498
5638	3498
5639	3500
5642	3501
5643	3501
5644	3501
5645	3502
5648	3504
5649	3504
5650	3504
5651	3506
5653	3508
5655	3509
5659	3512
5662	3513
5664	3514
5666	3516
5667	3518
5668	3518
5670	3518
5672	3519
5673	3521
5674	3521
5675	3521
5678	3522
5679	3522
5680	3522
5681	3524
5683	3525
5685	3525
5686	3525
5687	3527
5689	3529
5691	3531
5693	3531
5694	3531
5695	3532
5697	3534
5700	3534
5701	3536
5705	3539
5707	3541
5709	3542
5712	3543
5714	3544
5715	3546
5717	3546
5718	3546
5719	3548
5723	3551
5725	3553
5729	3555
5731	3555
5732	3555
5735	3559
5737	3560
5740	3561
5742	3562
5744	3564
5745	3564
5746	3564
5747	3566
5749	3568
5751	3569
5755	3572
5760	3574
5761	3577
5766	3580
5768	3583
5769	3584
5770	3584
5771	3584
5773	3586
5775	3587
5778	3588
5782	3592
5784	3594
5785	3596
5786	3596
5787	3596
5789	3598
5791	3599
5794	3601
5796	3603
5798	3604
5800	3607
5801	3608
5802	3608
5803	3608
5805	3610
5807	3611
5810	3612
5812	3613
5814	3615
5816	3616
5818	3619
5819	3620
5820	3620
5822	3620
5828	3626
5829	3626
5832	3627
5833	3629
5834	3629
5836	3629
5838	3630
5839	3630
5841	3632
5843	3633
5845	3633
5846	3633
5847	3635
5850	3636
5851	3638
5852	3638
5854	3638
5856	3639
5857	3642
5859	3642
5860	3642
5861	3644
5864	3645
5865	3645
5866	3645
5867	3646
5871	3648
5872	3648
5873	3649
5875	3651
5877	3651
5878	3651
5881	3655
5885	3658
5887	3659
5890	3660
5892	3661
5894	3663
5895	3663
5896	3663
5897	3664
5899	3667
5903	3670
5908	3672
5910	3673
5912	3676
5914	3679
5915	3680
5916	3680
5917	3680
5919	3683
5921	3684
5923	3684
5924	3684
5925	3686
5928	3687
5929	3687
5930	3687
5931	3688
5934	3690
5935	3690
5936	3690
5937	3692
5939	3694
5941	3695
5945	3698
5948	3699
5950	3700
5952	3703
5953	3704
5954	3704
5956	3704
5958	3706
5959	3707
5960	3707
5961	3707
5964	3708
5965	3708
5966	3708
5967	3710
5969	3713
5972	3714
5973	3714
5974	3714
5975	3715
5977	3717
5979	3717
5980	3717
5981	3718
5984	3720
5985	3720
5987	3721
5989	3724
5991	3725
5993	3727
5998	3729
6000	3730
6001	3732
6003	3732
6004	3732
6005	3733
6007	3736
6011	3739
6013	3740
6016	3741
6020	3744
6021	3744
6022	3744
6025	3748
6027	3749
6030	3750
6032	3751
6034	3753
6035	3753
6036	3753
6037	3754
6041	3758
6043	3760
6047	3763
6049	3764
6052	3765
6056	3769
6058	3772
6059	3773
6060	3773
6062	3773
6065	3776
6068	3777
6070	3780
6071	3782
6072	3782
6074	3782
6075	3784
6077	3785
6080	3786
6082	3789
6084	3790
6086	3792
6087	3794
6088	3794
6089	3794
6091	3796
6093	3797
6096	3798
6098	3799
6100	3801
6102	3802
6104	3804
6105	3806
6106	3806
6108	3806
6110	3808
6111	3809
6112	3809
6114	3809
6119	3815
6121	3815
6124	3816
6125	3816
6126	3816
6127	3818
6129	3819
6131	3819
6133	3821
6135	3822
6137	3822
6138	3822
6139	3823
6141	3826
6145	3829
6150	3831
6152	3832
6154	3835
6155	3836
6156	3836
6158	3836
6160	3838
6162	3840
6163	3840
6164	3840
6165	3842
6169	3843
6170	3843
6171	3844
6173	3846
6175	3846
6176	3846
6177	3847
6180	3849
6181	3849
6182	3849
6185	3853
6187	3854
6189	3856
6194	3858
6196	3859
6198	3861
6200	3864
6201	3866
6202	3866
6203	3866
6206	3867
6207	3867
6208	3867
6209	3869
6211	3872
6213	3873
6215	3873
6216	3873
6217	3874
6219	3876
6221	3876
6222	3876
6223	3878
6227	3881
6229	3883
6231	3884
6234	3885
6236	3886
6238	3888
6239	3890
6240	3890
6242	3890
6244	3891
6245	3893
6246	3893
6247	3893
6249	3896
6251	3897
6253	3897
6254	3897
6255	3899
6258	3900
6259	3900
6260	3900
6261	3901
6263	3903
6265	3903
6266	3903
6267	3904
6269	3906
6271	3906
6273	3907
6275	3910
6279	3913
6281	3914
6284	3915
6286	3916
6287	3918
6289	3918
6290	3918
6293	3922
6295	3923
6298	3924
6300	3925
6301	3927
6303	3927
6304	3927
6305	3928
6307	3931
6313	3935
6316	3936
6317	3936
6318	3936
6319	3937
6321	3940
6323	3941
6325	3943
6332	3946
6335	3950
6338	3952
6340	3955
6341	3956
6342	3956
6344	3956
6345	3958
6347	3959
6352	3961
6354	3963
6356	3966
6357	3968
6358	3968
6360	3968
6362	3969
6363	3969
6364	3971
6365	3971
6367	3972
6368	3972
6370	3973
6372	3973
6374	3977
6375	3977
6376	3979
6378	3979
6379	3981
6382	3984
6383	3984
6385	3986
6386	3986
6389	3987
6390	3987
6391	3989
6392	3989
6394	3990
6395	3990
6397	3991
6399	3991
6401	3993
6402	3993
6403	3997
6405	3997
6406	4000
6408	4000
6411	4002
6412	4003
6414	4003
6415	4005
6418	4008
6420	4008
6421	4010
6422	4010
6424	4012
6425	4012
6427	4014
6428	4014
6431	4015
6432	4015
6434	4016
6435	4016
6436	4017
6437	4017
6439	4020
6440	4020
6443	4021
6444	4021
6446	4022
6447	4022
6448	4023
6449	4023
6451	4025
6454	4028
6456	4028
6459	4030
6460	4032
6461	4032
6463	4034
6465	4034
6467	4035
6468	4035
6470	4036
6471	4036
6472	4038
6473	4038
6476	4039
6479	4041
6480	4041
6483	4044
6484	4046
6486	4046
6487	4048
6488	4048
6490	4050
6494	4051
6495	4051
6497	4052
6498	4052
6499	4054
6500	4054
6502	4055
6504	4055
6505	4057
6507	4057
6508	4060
6510	4060
6511	4062
6513	4062
6515	4064
6517	4066
6518	4066
6520	4068
6522	4068
6524	4069
6527	4070
6528	4070
6529	4072
6530	4072
6532	4074
6534	4074
6536	4075
6537	4075
6539	4076
6540	4076
6541	4080
6542	4080
6545	4082
6546	4082
6547	4083
6548	4083
6550	4086
6552	4086
6554	4087
6555	4087
6557	4088
6558	4088
6559	4090
6560	4090
6563	4092
6564	4092
6566	4093
6569	4095
6570	4095
6572	4097
6573	4097
6574	4099
6577	4100
6578	4100
6580	4101
6582	4101
6584	4103
6585	4103
6587	4105
6588	4105
6589	4108
6591	4108
6592	4110
6594	4110
6595	4112
6596	4112
6599	4114
6601	4116
6603	4116
6605	4117
6606	4117
6608	4118
6609	4118
6610	4120
6611	4120
6613	4122
6615	4122
6617	4123
6618	4123
6620	4124
6621	4124
6622	4126
6623	4126
6625	4128
6627	4128
6629	4129
6630	4129
6631	4134
6632	4134
6635	4135
6636	4135
6637	4137
6638	4137
6641	4140
6642	4140
6644	4141
6646	4142
6647	4142
6650	4143
6651	4143
6652	4145
6654	4145
6655	4147
6657	4147
6660	4150
6661	4152
6663	4152
6664	4154
6665	4154
6667	4156
6668	4156
6670	4158
6674	4159
6675	4159
6677	4160
6678	4160
6679	4161
6680	4161
6682	4164
6684	4164
6686	4166
6687	4166
6688	4168
6689	4168
6691	4170
6692	4170
6695	4174
6698	4175
6699	4175
6701	4177
6702	4177
6703	4179
6704	4179
6706	4180
6709	4181
6711	4181
6712	4183
6714	4183
6715	4185
6717	4185
6718	4188
6721	4190
6723	4190
6725	4192
6727	4194
6728	4194
6730	4196
6732	4196
6734	4197
6735	4197
6737	4198
6738	4198
6739	4200
6740	4200
6742	4202
6743	4202
6746	4204
6747	4204
6748	4205
6749	4205
6751	4208
6753	4208
6755	4209
6756	4209
6759	4210
6760	4212
6761	4212
6763	4214
6765	4214
6766	4216
6767	4216
6770	4217
6771	4217
6773	4218
6774	4218
6775	4219
6776	4219
6779	4222
6780	4222
6782	4223
6784	4224
6785	4224
6789	4225
6791	4227
6792	4227
6793	4229
6794	4229
6796	4230
6799	4231
6801	4231
6803	4233
6804	4233
6805	4235
6806	4235
6808	4236
6809	4236
6811	4237
6813	4237
6815	4241
6816	4241
6817	4243
6819	4243
6820	4245
6822	4245
6823	4248
6824	4248
6826	4250
6827	4250
6829	4252
6830	4252
6833	4253
6834	4253
6836	4254
6837	4254
6838	4255
6839	4255
6842	4258
6843	4258
6844	4259
6845	4259
6848	4260
6851	4261
6852	4261
6854	4264
6855	4264
6856	4265
6857	4265
6859	4266
6860	4266
6863	4267
6864	4267
6866	4269
6867	4269
6869	4271
6870	4271
6871	4275
6873	4275
6874	4278
6875	4278
6877	4280
6878	4280
6881	4281
6882	4281
6883	4283
6884	4283
6886	4284
6887	4284
6889	4285
6891	4285
6893	4289
6894	4289
6895	4291
6897	4291
6898	4294
6899	4294
6902	4296
6905	4297
6906	4297
6907	4299
6908	4299
6910	4300
6911	4300
6913	4301
6915	4301
6917	4303
6918	4303
6919	4307
6922	4309
6924	4309
6925	4312
6927	4312
6928	4314
6930	4314
6931	4315
6934	4318
6936	4318
6937	4320
6938	4320
6941	4322
6943	4324
6944	4324
6947	4325
6948	4325
6950	4326
6951	4326
6952	4327
6953	4327
6956	4329
6957	4329
6959	4331
6961	4334
6963	4334
6964	4336
6965	4336
6967	4338
6968	4338
6970	4340
6974	4341
6975	4341
6977	4342
6978	4342
6979	4343
6980	4343
6982	4345
6985	4347
6988	4350
6990	4350
6993	4352
6994	4354
6995	4354
6997	4356
6999	4356
7001	4357
7002	4357
7004	4358
7006	4360
7007	4360
7009	4362
7011	4362
7013	4363
7014	4363
7016	4364
7017	4364
7018	4366
7019	4366
7021	4367
7023	4367
7024	4369
7026	4369
7029	4372
7033	4376
7034	4376
7036	4378
7037	4378
7039	4380
7040	4380
7044	4381
7046	4382
7047	4382
7048	4383
7049	4383
7051	4386
7053	4386
7055	4388
7056	4388
7057	4390
7058	4390
7060	4392
7061	4392
7064	4393
7065	4393
7067	4394
7068	4394
7070	4398
7073	4399
7074	4399
7076	4400
7077	4400
7078	4401
7082	4404
7083	4404
7085	4406
7088	4407
7089	4407
7091	4409
7092	4409
7093	4411
7094	4411
7096	4412
7099	4413
7101	4413
7103	4415
7104	4415
7106	4417
7107	4417
7108	4420
7110	4420
7113	4422
7115	4424
7117	4426
7118	4426
7120	4428
7121	4428
7124	4429
7125	4429
7127	4430
7128	4430
7129	4431
7130	4431
7132	4434
7133	4434
7136	4435
7137	4435
7139	4436
7140	4436
7141	4437
7142	4437
7144	4440
7146	4440
7148	4441
7149	4441
7150	4444
7151	4444
7153	4446
7154	4446
7157	4447
7158	4447
7160	4452
7161	4452
7162	4453
7166	4454
7169	4455
7170	4455
7171	4457
7173	4457
7174	4459
7176	4459
7179	4462
7180	4464
7182	4464
7183	4466
7186	4468
7187	4468
7189	4470
7190	4470
7193	4471
7194	4471
7196	4472
7197	4472
7198	4473
7199	4473
7201	4476
7203	4476
7205	4478
7206	4478
7207	4480
7208	4480
7210	4482
7211	4482
7214	4483
7215	4483
7217	4484
7219	4485
7220	4485
7222	4487
7224	4487
7225	4489
7227	4489
7228	4492
7230	4492
7231	4494
7233	4494
7235	4496
7237	4498
7238	4498
7240	4500
7244	4501
7245	4501
7247	4502
7248	4502
7249	4504
7250	4504
7252	4506
7254	4506
7255	4508
7256	4508
7259	4510
7260	4510
7261	4511
7262	4511
7265	4515
7268	4517
7269	4517
7271	4519
7272	4519
7273	4521
7276	4522
7277	4522
7279	4523
7281	4523
7282	4526
7284	4526
7286	4527
7287	4527
7289	4528
7290	4528
7291	4530
7292	4530
7294	4532
7295	4532
7298	4533
7299	4533
7300	4535
7303	4536
7304	4536
7306	4537
7308	4537
7310	4540
7311	4540
7312	4541
7313	4541
7316	4542
7320	4543
7322	4545
7323	4545
7324	4547
7325	4547
7327	4548
7328	4548
7330	4549
7332	4549
7334	4551
7335	4551
7336	4555
7338	4555
7339	4557
7341	4557
7342	4560
7344	4560
7345	4562
7347	4562
7348	4564
7350	4564
7352	4565
7353	4565
7355	4566
7356	4566
7357	4568
7358	4568
7361	4570
7362	4570
7364	4571
7366	4572
7367	4572
7370	4573
7371	4573
7373	4576
7374	4576
7375	4577
7376	4577
7378	4578
7379	4578
7382	4579
7383	4579
7385	4581
7386	4581
7388	4583
7389	4583
7390	4585
7392	4585
7393	4590
7395	4590
7396	4592
7398	4592
7400	4594
7401	4594
7402	4595
7403	4595
7405	4596
7406	4596
7409	4597
7410	4597
7412	4599
7413	4599
7415	4601
7417	4605
7419	4605
7420	4608
7421	4608
7423	4610
7424	4610
7427	4612
7428	4612
7429	4613
7430	4613
7432	4614
7433	4614
7436	4615
7437	4615
7439	4617
7440	4617
7441	4619
7443	4619
7446	4624
7447	4626
7449	4626
7450	4628
7451	4628
7454	4629
7455	4629
7457	4630
7458	4630
7459	4631
7460	4631
7463	4633
7464	4633
7466	4635
7470	4638
7471	4640
7472	4640
7474	4642
7475	4642
7477	4644
7478	4644
7481	4645
7482	4645
7484	4646
7485	4646
7486	4647
7487	4647
7489	4649
7492	4651
7494	4651
7495	4654
7497	4654
7500	4656
7501	4658
7502	4658
7504	4660
7508	4661
7509	4661
7511	4662
7512	4662
7513	4664
7514	4664
7517	4665
7521	4668
7522	4670
7524	4670
7525	4672
7526	4672
7528	4674
7530	4674
7532	4675
7533	4675
7535	4676
7536	4676
7537	4678
7538	4678
7541	4679
7542	4679
7544	4681
7545	4681
7546	4684
7548	4684
7549	4686
7551	4686
7552	4688
7553	4688
7556	4690
7558	4692
7560	4692
7562	4693
7563	4693
7565	4694
7567	4696
7568	4696
7570	4698
7572	4698
7574	4699
7575	4699
7577	4700
7578	4700
7579	4702
7580	4702
7582	4704
7584	4704
7586	4705
7587	4705
7589	4706
7590	4706
7591	4710
7592	4710
7595	4711
7596	4711
7597	4713
7598	4713
7601	4716
7602	4716
7604	4717
7606	4718
7607	4718
7610	4719
7611	4719
7613	4721
7614	4721
7615	4723
7618	4725
7620	4725
7622	4727
7623	4727
7625	4729
7626	4729
7627	4732
7629	4732
7632	4734
7633	4736
7634	4736
7636	4738
7637	4738
7640	4741
7641	4741
7643	4742
7644	4742
7645	4743
7646	4743
7650	4746
7652	4747
7653	4747
7654	4750
7655	4750
7657	4752
7658	4752
7661	4754
7662	4754
7664	4758
7665	4758
7666	4759
7667	4759
7670	4760
7673	4761
7674	4761
7675	4766
7678	4767
7680	4767
7682	4769
7683	4769
7685	4771
7686	4771
7689	4774
7690	4778
7691	4778
7693	4782
7695	4782
7697	4783
7698	4783
7700	4784
7701	4784
7702	4786
7703	4786
7705	4787
7707	4787
7708	4789
7710	4789
7711	4792
7713	4792
7714	4794
7716	4794
7718	4796
7720	4798
7721	4798
7723	4800
7725	4800
7727	4801
7728	4801
7730	4802
7731	4802
7732	4804
7733	4804
7735	4806
7737	4806
7738	4808
7739	4808
7742	4810
7743	4810
7744	4811
7745	4811
7747	4814
7749	4814
7751	4815
7752	4815
7754	4816
7755	4816
7756	4818
7757	4818
7760	4819
7761	4819
7762	4821
7765	4822
7766	4822
7768	4823
7770	4823
7771	4826
7772	4826
7775	4827
7776	4827
7778	4828
7779	4828
7780	4829
7781	4829
7784	4831
7785	4831
7786	4833
7787	4833
7789	4834
7792	4835
7794	4835
7796	4837
7797	4837
7798	4839
7799	4839
7801	4840
7802	4840
7804	4841
7806	4841
7808	4845
7809	4845
7810	4847
7812	4847
7813	4849
7815	4849
7816	4852
7817	4852
7819	4854
7820	4854
7822	4856
7824	4856
7825	4858
7826	4858
7829	4859
7830	4859
7832	4860
7833	4860
7834	4861
7835	4861
7838	4863
7839	4863
7840	4865
7843	4866
7844	4866
7848	4867
7850	4870
7851	4870
7852	4871
7853	4871
7856	4872
7859	4873
7860	4873
7862	4876
7863	4876
7864	4877
7865	4877
7867	4878
7868	4878
7871	4879
7872	4879
7874	4881
7875	4881
7877	4883
7878	4883
7879	4887
7881	4887
7882	4890
7883	4890
7885	4892
7886	4892
7889	4894
7890	4894
7891	4895
7892	4895
7894	4896
7895	4896
7898	4897
7899	4897
7901	4899
7902	4899
7903	4903
7905	4903
7907	4906
7909	4908
7910	4908
7913	4910
7914	4910
7915	4911
7916	4911
7918	4912
7919	4912
7922	4913
7923	4913
7925	4915
7928	4917
7929	4917
7930	4919
7932	4919
7933	4924
7935	4924
7936	4926
7938	4926
7939	4927
7941	4927
7942	4929
7945	4932
7947	4932
7948	4934
7949	4934
7951	4936
7952	4936
7954	4938
7958	4939
7959	4939
7961	4940
7962	4940
7963	4941
7964	4941
7967	4943
7969	4946
7971	4946
7973	4948
7975	4950
7976	4950
7978	4952
7979	4952
7982	4953
7983	4953
7985	4954
7986	4954
7987	4955
7988	4955
7990	4958
7992	4958
7994	4959
7995	4959
7997	4960
7998	4960
7999	4962
8000	4962
8003	4963
8006	4965
8010	4968
8011	4970
8013	4970
8015	4972
8017	4974
8019	4974
8021	4975
8024	4976
8025	4976
8026	4978
8027	4978
8030	4979
8031	4979
8033	4981
8034	4981
8040	4986
8041	4988
8042	4988
8044	4990
8045	4990
8047	4992
8048	4992
8051	4993
8052	4993
8055	4994
8056	4995
8057	4995
8060	4998
8063	4999
8064	4999
8066	5000
8067	5000
8069	5001
8071	5004
8073	5004
8075	5005
8076	5005
8077	5008
8078	5008
8080	5010
8081	5010
8084	5011
8085	5011
8087	5012
8088	5012
8090	5016
8091	5016
8092	5017
8093	5017
8096	5018
8099	5019
8100	5019
8102	5021
8103	5021
8104	5024
8107	5025
8109	5025
8111	5027
8112	5027
8114	5029
8115	5029
8116	5032
8118	5032
8120	5036
8122	5040
8123	5040
8126	5041
8127	5041
8129	5042
8130	5042
8131	5043
8132	5043
8135	5045
8136	5045
8138	5047
8139	5047
8140	5050
8142	5050
8143	5052
8145	5052
8146	5054
8147	5054
8150	5056
8153	5059
8154	5059
8156	5060
8157	5060
8158	5062
8159	5062
8161	5064
8163	5064
8165	5066
8166	5066
8168	5070
8171	5071
8172	5071
8173	5073
8174	5073
8177	5076
8178	5076
8180	5077
8182	5078
8183	5078
8186	5079
8187	5079
8188	5083
8191	5085
8193	5085
8194	5087
8196	5087
8197	5089
8199	5089
8202	5092
8203	5094
8205	5094
8206	5096
8207	5096
8210	5098
8212	5100
8213	5100
8216	5101
8217	5101
8219	5102
8220	5102
8221	5103
8222	5103
8224	5106
8226	5106
8228	5108
8229	5108
8230	5110
8231	5110
8233	5112
8234	5112
8236	5114
8237	5114
8240	5115
8241	5115
8243	5116
8244	5116
8245	5117
8246	5117
8249	5119
8250	5119
8252	5121
8254	5122
8257	5123
8259	5123
8260	5126
8262	5126
8264	5127
8265	5127
8267	5128
8268	5128
8269	5130
8270	5130
8273	5131
8274	5131
8275	5133
8278	5134
8279	5134
8281	5135
8283	5135
8285	5137
8286	5137
8287	5139
8288	5139
8290	5140
8291	5140
8293	5141
8295	5141
8297	5143
8298	5143
8299	5147
8301	5147
8302	5149
8304	5149
8305	5152
8307	5152
8308	5154
8310	5154
8311	5156
8313	5156
8315	5157
8316	5157
8318	5158
8319	5158
8320	5160
8321	5160
8323	5162
8324	5162
8327	5164
8328	5164
8330	5165
8332	5166
8333	5166
8336	5167
8337	5167
8339	5169
8340	5169
8341	5171
8342	5171
8344	5172
8349	5173
8351	5176
8352	5176
8353	5177
8354	5177
8356	5178
8357	5178
8360	5179
8361	5179
8363	5181
8364	5181
8366	5183
8367	5183
8368	5185
8370	5185
8371	5190
8373	5190
8374	5192
8376	5192
8377	5193
8379	5193
8380	5195
8382	5195
8385	5198
8388	5200
8389	5202
8390	5202
8392	5204
8393	5204
8395	5206
8396	5206
8399	5207
8400	5207
8402	5208
8403	5208
8404	5209
8405	5209
8408	5214
8409	5214
8410	5216
8411	5216
8413	5220
8414	5220
8417	5221
8418	5221
8420	5222
8421	5222
8422	5223
8423	5223
8426	5226
8427	5226
8429	5228
8432	5229
8433	5229
8435	5231
8436	5231
8437	5233
8438	5233
8440	5234
8443	5235
8445	5235
8446	5237
8448	5237
8449	5239
8451	5239
8452	5242
8454	5242
8455	5244
8457	5244
8458	5246
8459	5246
8461	5248
8463	5248
8465	5249
8466	5249
8468	5250
8469	5250
8470	5252
8471	5252
8475	5254
8477	5255
8478	5255
8480	5256
8481	5256
8482	5258
8483	5258
8485	5260
8486	5260
8489	5262
8490	5262
8492	5263
8494	5264
8495	5264
8498	5265
8499	5265
8500	5269
8504	5270
8507	5271
8508	5271
8510	5273
8511	5273
8512	5275
8513	5275
8515	5276
8518	5277
8520	5277
8522	5280
8523	5280
8524	5281
8525	5281
8527	5282
8528	5282
8531	5283
8532	5283
8534	5285
8535	5285
8537	5287
8538	5287
8539	5289
8541	5289
8542	5294
8544	5294
8545	5296
8547	5296
8548	5298
8550	5298
8551	5300
8552	5300
8555	5301
8556	5301
8558	5302
8559	5302
8560	5303
8561	5303
8564	5306
8565	5306
8567	5307
8569	5308
8570	5308
8573	5309
8574	5309
8575	5311
8577	5311
8579	5313
8580	5313
8581	5315
8582	5315
8584	5316
8587	5317
8589	5317
8591	5319
8592	5319
8593	5321
8594	5321
8596	5322
8597	5322
8601	5323
8603	5327
8604	5327
8605	5329
8607	5329
8608	5331
8610	5331
8612	5334
8614	5336
8615	5336
8618	5337
8619	5337
8620	5339
8623	5340
8624	5340
8626	5341
8628	5341
8630	5344
8631	5344
8632	5345
8633	5345
8636	5346
8639	5347
8640	5347
8642	5350
8643	5350
8644	5351
8645	5351
8647	5352
8648	5352
8651	5353
8652	5353
8655	5355
8657	5357
8658	5357
8659	5361
8661	5361
8662	5364
8663	5364
8665	5366
8666	5366
8668	5368
8670	5368
8672	5369
8673	5369
8675	5370
8677	5372
8678	5372
8680	5374
8681	5374
8684	5375
8685	5375
8687	5376
8688	5376
8689	5377
8690	5377
8693	5380
8696	5381
8698	5382
8699	5382
8702	5383
8703	5383
8705	5385
8706	5385
8707	5387
8710	5388
8711	5388
8713	5389
8715	5389
8717	5392
8718	5392
8719	5393
8720	5393
8723	5394
8726	5395
8727	5395
8728	5397
8730	5397
8732	5400
8733	5400
8734	5402
8735	5402
8738	5403
8739	5403
8741	5405
8742	5405
8744	5407
8745	5407
8746	5411
8748	5411
8749	5414
8750	5414
8752	5416
8753	5416
8756	5417
8757	5417
8758	5419
8759	5419
8761	5420
8762	5420
8764	5421
8766	5421
8768	5425
8769	5425
8770	5427
8772	5427
8773	5429
8775	5429
8776	5432
8777	5432
8780	5436
8781	5436
8782	5437
8783	5437
8785	5438
8786	5438
8789	5439
8790	5439
8792	5441
8793	5441
8794	5447
8796	5447
8798	5450
8799	5450
8800	5451
8801	5451
8803	5452
8804	5452
8807	5455
8810	5457
8811	5457
8812	5460
8814	5460
8815	5462
8817	5462
8818	5463
8820	5463
8821	5465
8824	5468
8826	5468
8828	5470
8830	5474
8831	5474
8834	5475
8835	5475
8837	5476
8838	5476
8839	5477
8840	5477
8843	5479
8844	5479
8845	5484
8847	5484
8848	5486
8849	5486
8852	5487
8853	5487
8855	5488
8856	5488
8857	5489
8858	5489
8861	5491
8862	5491
8864	5493
8865	5493
8868	5496
8871	5498
8872	5500
8873	5500
8875	5502
8876	5502
8878	5504
8879	5504
8882	5505
8883	5505
8885	5506
8886	5506
8887	5507
8888	5507
8890	5510
8891	5510
8894	5511
8895	5511
8897	5512
8898	5512
8899	5513
8900	5513
8903	5517
8904	5517
8905	5520
8906	5520
8909	5524
8910	5524
8911	5525
8912	5525
8915	5526
8918	5527
8919	5527
8921	5529
8922	5529
8923	5532
8926	5533
8928	5533
8930	5535
8931	5535
8933	5537
8934	5537
8935	5540
8937	5540
8938	5542
8940	5542
8941	5544
8942	5544
8944	5546
8946	5546
8948	5547
8949	5547
8951	5548
8952	5548
8953	5550
8954	5550
8958	5552
8960	5553
8963	5554
8964	5554
8965	5556
8966	5556
8968	5558
8969	5558
8972	5559
8973	5559
8974	5561
8977	5562
8978	5562
8980	5563
8982	5563
8984	5566
8985	5566
8986	5567
8987	5567
8990	5568
8993	5569
8994	5569
8996	5573
8998	5574
9001	5575
9003	5575
9005	5577
9006	5577
9007	5579
9008	5579
9010	5580
9011	5580
9013	5581
9015	5581
9017	5583
9018	5583
9019	5587
9022	5589
9024	5589
9025	5592
9027	5592
9028	5594
9030	5594
9032	5596
9033	5596
9035	5597
9037	5598
9038	5598
9041	5599
9042	5599
9044	5601
9045	5601
9046	5603
9047	5603
9049	5604
9052	5605
9054	5605
9056	5607
9057	5607
9058	5609
9059	5609
9061	5610
9062	5610
9064	5611
9066	5611
9068	5615
9069	5615
9072	5617
9073	5619
9075	5619
9076	5622
9077	5622
9079	5624
9080	5624
9082	5626
9084	5626
9085	5628
9086	5628
9089	5629
9090	5629
9092	5630
9093	5630
9094	5631
9095	5631
9098	5633
9099	5633
9101	5635
9102	5635
9103	5637
9106	5638
9107	5638
9109	5639
9111	5639
9113	5642
9114	5642
9115	5643
9116	5643
9119	5644
9122	5645
9123	5645
9125	5648
9126	5648
9127	5649
9128	5649
9130	5650
9131	5650
9135	5651
9137	5653
9138	5653
9140	5655
9141	5655
9142	5659
9144	5659
9145	5662
9146	5662
9149	5664
9151	5666
9153	5666
9155	5667
9158	5668
9159	5668
9160	5670
9161	5670
9163	5672
9164	5672
9167	5673
9168	5673
9170	5674
9171	5674
9172	5675
9173	5675
9176	5678
9177	5678
9179	5679
9181	5680
9182	5680
9185	5681
9186	5681
9188	5683
9190	5685
9193	5686
9194	5686
9196	5687
9198	5687
9200	5689
9201	5689
9203	5691
9205	5693
9206	5693
9208	5694
9211	5695
9215	5697
9216	5697
9217	5700
9218	5700
9220	5701
9222	5701
9226	5707
9228	5707
9229	5709
9231	5709
9232	5712
9233	5712
9235	5714
9236	5714
9239	5715
9240	5715
9241	5717
9242	5717
9244	5718
9245	5718
9247	5719
9249	5719
9251	5723
9252	5723
9253	5725
9255	5725
9257	5729
9258	5729
9259	5731
9260	5731
9262	5732
9263	5732
9265	5735
9267	5735
9268	5737
9270	5737
9271	5740
9273	5740
9274	5742
9276	5742
9278	5744
9279	5744
9280	5745
9281	5745
9283	5746
9287	5747
9288	5747
9290	5749
9291	5749
9293	5751
9295	5755
9297	5755
9299	5760
9301	5761
9303	5761
9304	5766
9306	5766
9307	5768
9308	5768
9311	5769
9312	5769
9314	5770
9315	5770
9316	5771
9317	5771
9320	5773
9321	5773
9323	5775
9325	5778
9327	5778
9329	5782
9331	5784
9332	5784
9335	5785
9336	5785
9338	5786
9339	5786
9340	5787
9341	5787
9343	5789
9345	5789
9346	5791
9348	5791
9349	5794
9351	5794
9352	5796
9353	5796
9355	5798
9356	5798
9358	5800
9359	5800
9362	5801
9363	5801
9365	5802
9366	5802
9367	5803
9368	5803
9370	5805
9372	5805
9373	5807
9375	5807
9376	5810
9378	5810
9379	5812
9381	5812
9383	5814
9386	5816
9388	5818
9390	5818
9392	5819
9393	5819
9395	5820
9396	5820
9397	5822
9398	5822
9401	5828
9402	5828
9403	5829
9404	5829
9406	5832
9408	5832
9410	5833
9411	5833
9413	5834
9414	5834
9415	5836
9416	5836
9419	5838
9420	5838
9422	5839
9425	5841
9426	5841
9428	5843
9429	5843
9430	5845
9433	5846
9434	5846
9436	5847
9438	5847
9439	5850
9441	5850
9443	5851
9444	5851
9446	5852
9447	5852
9448	5854
9449	5854
9451	5856
9452	5856
9455	5857
9456	5857
9457	5859
9460	5860
9461	5860
9463	5861
9465	5861
9467	5864
9468	5864
9469	5865
9470	5865
9473	5866
9476	5867
9479	5871
9481	5872
9484	5873
9486	5873
9488	5875
9489	5875
9490	5877
9491	5877
9493	5878
9494	5878
9497	5881
9498	5881
9499	5885
9501	5885
9502	5887
9504	5887
9507	5890
9508	5892
9510	5892
9512	5894
9513	5894
9514	5895
9515	5895
9517	5896
9518	5896
9521	5897
9522	5897
9524	5899
9526	5903
9528	5903
9529	5908
9531	5908
9532	5910
9534	5910
9535	5912
9537	5912
9539	5914
9542	5915
9543	5915
9545	5916
9546	5916
9547	5917
9548	5917
9551	5919
9552	5919
9554	5921
9555	5921
9556	5923
9559	5924
9560	5924
9562	5925
9564	5925
9566	5928
9567	5928
9568	5929
9569	5929
9572	5930
9575	5931
9576	5931
9578	5934
9579	5934
9580	5935
9581	5935
9583	5936
9584	5936
9587	5937
9588	5937
9590	5939
9591	5939
9593	5941
9594	5941
9595	5945
9597	5945
9598	5948
9599	5948
9601	5950
9602	5950
9604	5952
9606	5952
9608	5953
9609	5953
9611	5954
9612	5954
9613	5956
9614	5956
9616	5958
9617	5958
9620	5959
9621	5959
9624	5960
9625	5961
9626	5961
9629	5964
9630	5964
9632	5965
9634	5966
9635	5966
9638	5967
9639	5967
9640	5969
9642	5969
9645	5972
9646	5973
9647	5973
9650	5974
9653	5975
9654	5975
9656	5977
9657	5977
9658	5979
9659	5979
9661	5980
9664	5981
9666	5981
9668	5984
9669	5984
9670	5985
9671	5985
9674	5987
9675	5987
9677	5989
9678	5989
9680	5991
9681	5991
9682	5993
9684	5993
9685	5998
9687	5998
9688	6000
9690	6000
9692	6001
9693	6001
9694	6003
9695	6003
9697	6004
9698	6004
9700	6005
9702	6005
9704	6007
9706	6011
9708	6011
9709	6013
9711	6013
9712	6016
9714	6016
